Numero read	Correct in BAM ?(Y/N)	Precision(P/M)	
58503					
10862	
29275	
96085	
43566	
25195	
43555	
41889	
26723	
47641	
99367	
59108	
15323	
24385	
97280	
42978	
49053	
29973	
56075	
44746	
43675	
47948	
7917	
24217	
3969	
6019	
21254	
45174	
27538	
1908	
42166	
10732	
9996	
53134	
20348	
54077	
14704	
96250	
21702	
20708	
5072	
93548	
57618	
44601	
56353	
25138	
40820	
96146	
23485	
92050	
41717	
29074	
50690	
19690	
59231	
24309	
9980	
14646	
93049	
20972	
26908	
58577	
21521	
23918	
55659	
53013	
97871	
59089	
58592	
52742	
55596	
22035	
59720	
26665	
50982	
14106	
95171	
57546	
21869	
42225	
98314	
45510	
21598	
9802	
58839	
45499	
59799	
57118	
51854	
54083	
7645	
29036	
50410	
53357	
27049	
57983	
10836	
9375	
11461	
94778	
7886	
13808	
5654	
54585	
50029	
52208	
21247	
17088	
21713	
55801	
1156	
5006	
2597	
29915	
97346	
58032	
45651	
19308	
48438	
14575	
24539	
18779	
43613	
28850	
57330	
90740	
97590	
7990	
52733	
11814	
45298	
55657	
98232	
94840	
15013	
20866	
55988	
50064	
29191	
44586	
58003	
45462	
96866	
92252	
97001	
26657	
3574	
6295	
25235	
94423	
22642	
51484	
51996	
92195	
1013	
27243	
96781	
20112	
27563	
9258	
22613	
91425	
23682	
97580	
28496	
99745	
24871	
10102	
47341	
26968	
13028	
50810	
9032	
18293	
12013	
24048	
98570	
9188	
49625	
4457	
14009	
11856	
26167	
5167	
15757	
28515	
20164	
24869	
49267	
43983	
3755	
16476	
58802	
15499	
5937	
10002	
90010	
47822	
12136	
95954	
99716	
21021	
28734	
16501	
55669	
52668	
28975	
98859	
7280	
45545	
59156	
21937	
50294	
48647	
25967	
25486	
19450	
53179	
91132	
44300	
91817	
3030	
28749	
92387	
45444	
93098	
99219	
48473	
97804	
28344	
53397	
97361	
29170	
7856	
11031	
98121	
23086	
54639	
19332	
92109	
20168	
6818	
40429	
2607	
13336	
48423	
90341	
49748	
95081	
97836	
41947	
2050	
20863	
49505	
10245	
13451	
5186	
57409	
3656	
3907	
91756	
91194	
7612	
17407	
13445	
42329	
1112	
50502	
90111	
10341	
13049	
40990	
93143	
27251	
20933	
99370	
8225	
42248	
59558	
449	
50442	
56240	
48970	
21811	
50534	
44761	
8249	
68	
20065	
18705	
29013	
17010	
11717	
45387	
96326	
51409	
8663	
411	
94592	
15557	
26014	
19708	
11412	
41322	
42697	
12936	
9075	
27409	
10378	
93078	
46118	
7469	
20529	
50881	
24693	
27620	
40692	
19936	
98890	
8649	
19427	
22897	
95395	
43568	
22302	
91435	
9256	
42090	
45209	
92148	
173	
56162	
97490	
59357	
58290	
48791	
90988	
16379	
14668	
26746	
90985	
43402	
95600	
44272	
5805	
90874	
7896	
41690	
47859	
8334	
6893	
46834	
4060	
25517	
20474	
54662	
59764	
1129	
94057	
44177	
49892	
95433	
13620	
59391	
92097	
54052	
55869	
25697	
90748	
99432	
57659	
3541	
8363	
45706	
9369	
99496	
94680	
2217	
48330	
47861	
11078	
27461	
2404	
59516	
52560	
13287	
55727	
15514	
93014	
22858	
1308	
91666	
7926	
49511	
57115	
21752	
44213	
59226	
14843	
12709	
5978	
19057	
93021	
8645	
94716	
96392	
93430	
24009	
51824	
19403	
20385	
3867	
46908	
8328	
46683	
18075	
44348	
16555	
5827	
53783	
16212	
27957	
229	
27281	
3578	
24157	
27056	
58302	
49350	
21610	
27590	
28545	
59423	
41860	
56439	
2039	
10738	
15914	
44061	
25929	
23195	
19396	
4890	
45859	
52595	
91944	
23509	
55124	
48763	
95753	
9326	
10277	
22227	
45355	
12078	
15440	
43875	
94010	
40874	
90474	
15347	
27271	
94049	
46399	
50830	
2752	
19155	
23180	
9462	
58538	
93925	
29694	
48861	
46429	
49372	
45962	
46465	
5732	
99999	
43844	
29072	
21011	
12256	
22990	
59385	
94375	
95933	
56940	
95977	
13703	
21850	
7241	
43898	
10065	
8222	
93344	
46376	
3725	
23471	
25689	
48593	
51299	
27990	
1302	
8819	
50327	
10242	
20850	
50242	
54029	
7006	
55579	
16472	
51684	
21565	
45428	
98226	
28059	
12126	
91217	
41537	
12399	
17754	
2204	
98663	
52278	
18363	
22040	
14736	
25921	
18077	
56922	
25013	
2443	
52370	
44332	
43450	
3308	
24699	
14737	
19180	
46493	
17714	
58462	
44569	
7302	
7151	
6730	
92858	
24115	
12963	
18879	
91213	
1015	
46010	
54171	
90773	
52022	
92360	
20506	
55094	
292	
90548	
22705	
57716	
55452	
18525	
52450	
90174	
10967	
57441	
99399	
44121	
96550	
29654	
45039	
17839	
4186	
98299	
12010	
11561	
97671	
99283	
21080	
44384	
42704	
5680	
11527	
21323	
48842	
9953	
16452	
24686	
55301	
58595	
93384	
58620	
25280	
49586	
99664	
44482	
3974	
44907	
98851	
19499	
90216	
12551	
4297	
94124	
98848	
16963	
13549	
97190	
759	
27755	
41968	
40354	
42490	
16189	
24830	
110	
748	
94653	
25277	
16712	
58610	
5059	
14345	
53760	
56337	
1169	
51346	
25716	
90563	
48740	
5897	
14026	
17157	
16217	
93120	
2756	
91103	
11797	
41441	
50563	
1086	
7382	
19985	
18922	
98979	
56081	
45032	
4249	
51149	
15675	
40393	
14452	
53832	
96920	
97800	
21501	
29004	
16996	
59708	
47095	
40130	
98476	
20547	
44561	
97495	
92845	
10821	
45241	
90106	
8834	
50359	
46622	
53779	
5905	
28679	
40183	
95155	
3511	
96190	
19288	
58707	
23834	
59347	
3633	
58801	
27000	
3337	
96960	
55661	
15472	
9886	
22218	
52137	
198	
43063	
2477	
11172	
93756	
96864	
45229	
19246	
10403	
1103	
26882	
14154	
51228	
58271	
92891	
92866	
43730	
51262	
45650	
11763	
26811	
41022	
40031	
1078	
26164	
56249	
57371	
50839	
23680	
90221	
46439	
9457	
45139	
44168	
19093	
53434	
47741	
25108	
14431	
93140	
11047	
96357	
23999	
52212	
50387	
2533	
25963	
18647	
11841	
90066	
5613	
51778	
5631	
42464	
50175	
94291	
96217	
55605	
18489	
10472	
5250	
96909	
91537	
20703	
99287	
23521	
45041	
98783	
98525	
92228	
95807	
12299	
50518	
25100	
26316	
97098	
27566	
27252	
13559	
20021	
28624	
4705	
44001	
46759	
13300	
42210	
91323	
949	
22511	
18836	
4476	
17460	
94671	
93809	
91317	
46245	
59202	
13729	
40649	
847	
47112	
59953	
53075	
55130	
23030	
42032	
52000	
24503	
7135	
29932	
14883	
14815	
21706	
98651	
8508	
8271	
3812	
43037	
21032	
4378	
97577	
9845	
56126	
49905	
22284	
54945	
90557	
12973	
98438	
98475	
52403	
7614	
92952	
48150	
8537	
4400	
49688	
8535	
12012	
47855	
25767	
18	
99349	
57001	
40457	
10968	
91396	
50487	
44377	
47826	
28	
93341	
2214	
10531	
95192	
92002	
49736	
44138	
43790	
5476	
95965	
93124	
7980	
95880	
58461	
57725	
21374	
26902	
23666	
28105	
28174	
17347	
11128	
55180	
43905	
47162	
45632	
27434	
1451	
25909	
50358	
98261	
29493	
24959	
99828	
52654	
92983	
50365	
96369	
99148	
1852	
22558	
95755	
99735	
94712	
8789	
28237	
13107	
20322	
50210	
18817	
46508	
27197	
3165	
90762	
25839	
51176	
49365	
56507	
13912	
8383	
92592	
47314	
20335	
21618	
98857	
48069	
19195	
42134	
59900	
52830	
7640	
12304	
6724	
56145	
26055	
28453	
51501	
49522	
59395	
24707	
49544	
25869	
52747	
97790	
22627	
19879	
49805	
23477	
16342	
1877	
4956	
16138	
42614	
21836	
28549	
50973	
50998	
7489	
97460	
91618	
29164	
46767	
53398	
14817	
95071	
12945	
48515	
23688	
51455	
93701	
58956	
29919	
22771	
50187	
53836	
9187	
97716	
52814	
97465	
11631	
96297	
48086	
91303	
22999	
13795	
25476	
92058	
44733	
12011	
27635	
92403	
26391	
9703	
17475	
8187	
20839	
8025	
57686	
29333	
16356	
58226	
49628	
94758	
97369	
9817	
52569	
42620	
99713	
52445	
59582	
21945	
